$ 1 0.000005 10.20027730826997 50 5 43
t 416 272 448 272 0 1 0.5438617261040015 0.5754189936250862 100
t 592 256 624 256 0 1 -16.76369570397246 -1.2709775047733078 100
r 464 256 592 256 0 18000
w 464 256 448 256 0
r 448 256 448 128 0 20000
r 592 256 592 384 0 100000
w 448 288 448 352 0
r 448 352 448 416 0 10000
w 448 352 624 352 0
w 624 352 624 272 0
r 624 240 624 128 0 5000
w 624 128 448 128 0
r 416 272 336 272 0 27000
R 448 128 448 80 0 0 40 12 0 0 0.5
R 448 416 448 464 0 0 40 -12 0 0 0.5
R 336 272 304 272 0 1 40 5 0 0 0.5
O 624 352 688 352 0
w 448 416 592 416 0
w 592 416 592 384 0
o 15 64 0 2083 10 0.003125 0 -1 0
o 16 64 0 2082 20 0.00009765625 1 -1 0
